Coords=1420.479980,-1623.819946,13.539999
Owner=30cmx
Name=Commerce 23
Cost=100000
