Coords=-2111.337158,157.836669,35.092697
Owner=30cmx
Name=Doherty 25
Cost=25000
