Coords=1610.466064,2648.081298,10.820300
Owner=787878789
Name=Prickle Pine 27
Cost=500000
