Coords=280.911804,-1768.104492,4.531795
Owner=30cmx
Name=Santa Maria Beach 42
Cost=1000000
