Coords=1111.500000,-741.900024,100.099998
Owner=787878789
Name=Mulholland 55
Cost=500000
