Coords=851.000000,-1587.300048,13.500000
Owner=30cmx
Name=Marina 65
Cost=75000
