Coords=890.994506,-782.502624,101.307197
Owner=30cmx
Name=Mulholland 68
Cost=250000
