Coords=-1685.980224,1325.448120,7.187500
Owner=30cmx
Name=Esplanade North 83
Cost=250000
