Coords=2851.199951,-1532.500000,11.000000
Owner=787878789
Name=East Beach 41
Cost=25000
