Coords=1420.579956,-1607.400024,13.539999
Owner=30cmx
Name=Commerce 50
Cost=125000
