Coords=2241.237792,-1662.685546,15.476650
Owner=LukeS
Name=Clothes - Binco - (LS)G
Cost=50000
Income=100
