Coords=2177.600097,962.200012,10.800000
Owner=009
Name=Come-A-Lot 44
Cost=125000
